[16.90874, 45.34907], 
[17.15, 43.17083 ],
[ 17.40555,	44.00693 ],
[ 17.10456,	42.80334 ],
[ 17.33147,	43.25468 ],
[ 16.61088,	43.14725 ],
[ 16.65065,	43.09689 ],
[ 16.42765, 42.64142 ],
[ 17.18478, 47.48398 ],
[ 16.59708, 43.12792 ],
[ 17.42204, 44.31632 ],
[ 16.66667, 43.16667 ],
[ 16.83333, 43.21667 ],
[ 17.4,	44.01667 ],
[ 16.83682,	43.16303 ],
[ 17.07679,	43.19728 ],
[ 18.74765,	50.94316 ],
[ 17.56667,	43.43333 ],
[ 18.86942,	51.3158 ],
[ 17.0474, 43.19908 ],
[ 17.56667,	43.45 ],
[ 17.56087,	43.42968 ],
[ 29.13139,	45.49111 ],
[ 29.6251, 43.61596 ],
[ 28.94117,	45.55272 ],
[ 28.93333,	45.5 ],
[ 29.78333,	43.88333 ],
[ 28.88333,	45.86667 ],
[ 28.86667,	45.45 ]
